BeginView
center =  1.0 0.0 0.0 742.7158 0.0 1.0 0.0 1036.6917 0.0 0.0 1.0 682.1941 0.0 0.0 0.0 1.0
translate =  1.0 0.0 0.0 0.0 0.0 1.0 0.0 0.0 0.0 0.0 1.0 0.0 0.0 0.0 0.0 1.0
rotate =  1.0 0.0 0.0 0.0 0.0 1.0 0.0 0.0 0.0 0.0 1.0 0.0 0.0 0.0 0.0 1.0
zoom =  1.0 0.0 0.0 0.0 0.0 1.0 0.0 0.0 0.0 0.0 1.0 52891.61 0.0 0.0 0.0 1.0
animate =  1.0 0.0 0.0 0.0 0.0 1.0 0.0 0.0 0.0 0.0 1.0 0.0 0.0 0.0 0.0 1.0
contentTranslate =  1.0 0.0 0.0 -0.0 0.0 1.0 0.0 -0.0 0.0 0.0 1.0 -0.0 0.0 0.0 0.0 1.0
contentRotate =  0.860145 -0.35015878 0.37086314 0.0 -0.5068334 -0.6683092 0.54450226 0.0 0.057189018 -0.6563167 -0.752315 0.0 0.0 0.0 0.0 1.0
EndView
