BeginView
center =  1.0 0.0 0.0 -288.7881 0.0 1.0 0.0 736.8865 0.0 0.0 1.0 272.92603 0.0 0.0 0.0 1.0
translate =  1.0 0.0 0.0 0.0 0.0 1.0 0.0 0.0 0.0 0.0 1.0 0.0 0.0 0.0 0.0 1.0
rotate =  1.0 0.0 0.0 0.0 0.0 1.0 0.0 0.0 0.0 0.0 1.0 0.0 0.0 0.0 0.0 1.0
zoom =  1.0 0.0 0.0 0.0 0.0 1.0 0.0 0.0 0.0 0.0 1.0 48451.664 0.0 0.0 0.0 1.0
animate =  1.0 0.0 0.0 0.0 0.0 1.0 0.0 0.0 0.0 0.0 1.0 0.0 0.0 0.0 0.0 1.0
contentTranslate =  1.0 0.0 0.0 -0.0 0.0 1.0 0.0 -0.0 0.0 0.0 1.0 -0.0 0.0 0.0 0.0 1.0
contentRotate =  0.87435335 -0.42148188 0.24053954 0.0 -0.43861827 -0.47426504 0.76333916 0.0 -0.20765413 -0.7729332 -0.5995449 0.0 0.0 0.0 0.0 1.0
EndView
